age
revenus
100
37.0 2187.0
32.0 3304.0
54.0 4744.0
30.0 1355.0
39.0 4387.0
34.0 1794.0
17.0 0.0
19.0 762.0
25.0 4870.0
19.0 0.0
26.0 2083.0
30.0 2350.0
55.0 1511.0
15.0 879.0
50.0 3460.0
30.0 3924.0
43.0 4748.0
57.0 4697.0
56.0 4631.0
36.0 4486.0
25.0 2561.0
55.0 4406.0
20.0 711.0
53.0 3124.0
55.0 1670.0
17.0 1441.0
29.0 1415.0
34.0 2245.0
30.0 4914.0
58.0 3010.0
16.0 1368.0
40.0 2729.0
59.0 4008.0
53.0 1528.0
32.0 3384.0
34.0 2895.0
60.0 4935.0
30.0 4438.0
36.0 1865.0
18.0 1440.0
28.0 1752.0
27.0 3329.0
37.0 4067.0
16.0 0.0
16.0 722.0
45.0 3783.0
26.0 3256.0
51.0 4816.0
27.0 4592.0
38.0 4714.0
40.0 2411.0
54.0 4943.0
43.0 3890.0
29.0 3040.0
34.0 4059.0
58.0 3813.0
43.0 3478.0
53.0 1514.0
37.0 4323.0
59.0 4511.0
17.0 1189.0
43.0 4020.0
30.0 4500.0
23.0 3115.0
18.0 0.0
51.0 2673.0
60.0 3595.0
41.0 4109.0
37.0 3507.0
40.0 2571.0
22.0 2012.0
24.0 3587.0
44.0 2231.0
53.0 1291.0
48.0 3475.0
21.0 3310.0
21.0 3179.0
40.0 2492.0
59.0 3461.0
44.0 2618.0
48.0 3322.0
16.0 0.0
28.0 2508.0
34.0 4422.0
27.0 1650.0
26.0 1864.0
33.0 2876.0
31.0 1730.0
40.0 4617.0
54.0 2494.0
49.0 1940.0
15.0 1269.0
57.0 3294.0
50.0 1401.0
35.0 3520.0
38.0 2836.0
57.0 4147.0
29.0 3271.0
43.0 3082.0
57.0 3719.0
